m.missiontype	m.startyear	m.platform	m.missionnumber	serialnumber	nation	catchplatform	station	fixedstation	stationstartdate	stationstarttime	stationstopdate	stationstoptime	stationtype	latitudestart	longitudestart	latitudeend	longitudeend	system	area	location	bottomdepthstart	bottomdepthstop	bottomdepthmean	fishingdepthstart	fishingdepthstop	fishingdepthcount	fishingdepthmax	fishingdepthmin	fishingdepthmean	fishingdepthtemperature	gearno	sweeplength	gear	gearcount	direction	gearflow	vesselspeed	logstart	logstop	distance	gearcondition	samplequality	verticaltrawlopening	verticaltrawlopeningsd	trawldoortype	trawldoorarea	trawldoorweight	trawldoorspread	trawldoorspreadsd	wingspread	wingspreadsd	wirelength	wirediameter	wiredensity	soaktime	tripno	fishabundance	fishdistribution	landingsite	fishingground	vesselcount	dataquality	haulvalidity	flora	vegetationcover	visibility	waterlevel	winddirection	windspeed	clouds	sea	weather	stationcomment
4	2019	LMEL	13	2505	58	LMEL	200		14/08/2019	05:39:10	14/08/2019	05:53:50		70.81031365	20.604243183333335	70.8084958	20.6407271	2	4	10											1617		3271	1	88.67		2.929090909090477	3421.248	3421.964	0.7159999999998944	1	1	4.029999999999999					47.75				560.0																					Sjøtest Sjøtest
4	2019	LMEL	13	2506	58	LMEL	201		14/08/2019	08:38:04	14/08/2019	09:22:14		70.45135816666667	20.376420666666668	70.42027908333333	20.311441116666668	2	4	03							9003.0	0.0			1602		3513	1	217.9		3.0701886792455797	3446.127	3448.387	2.2600000000002183	1	1	13.19					56.81				340.0																					
4	2019	LMEL	13	2507	58	LMEL	202		14/08/2019	11:23:48	14/08/2019	11:38:50		70.42858201666667	20.358286666666668	70.43833595	20.3283711	2	4	03							133.0	128.0			1623		3271	1	323.03		3.308647450111576	3453.99	3454.819	0.8290000000001783	1	1	4.0					46.31				390.0																					
4	2019	LMEL	13	2508	58	LMEL	203		14/08/2019	15:46:05	14/08/2019	16:18:19		70.24782248333334	18.566349266666666	70.23786116666666	18.469979016666667	2	4	01							9003.0	0.0			1602		3513	1	256.8		3.7786970010344985	3494.296	3496.326	2.0300000000002	1	1	20.535					49.44				248.0																					
4	2019	LMEL	13	2509	58	LMEL	204		14/08/2019	17:56:16	14/08/2019	18:11:18		70.23041738333333	18.48646075	70.21868581666666	18.466168566666667	2	4	01	221.52	214.85					221.62	214.77			1623		3271	1	197.87		3.2168514412418445	3500.642	3501.448	0.80600000000004	1	1	3.81					48.16				520.0																					
4	2019	LMEL	13	2510	58	LMEL	205		14/08/2019	21:55:40	14/08/2019	22:36:47		70.1198031	16.90663465	70.11660811666667	16.800019383333332	2	5	34							9003.0	0.0			1602		3513	1	262.4		3.1549250101334843	3535.733	3537.895	2.161999999999807	1	1	14.38					54.69				120.0																					
4	2019	LMEL	13	2511	58	LMEL	206		15/08/2019	04:33:40	15/08/2019	05:09:26		70.60849985	16.401559716666668	70.64151935	16.3742751	2	4	06	0.0	1673.91					9003.0	0.0			1602		3513	1	350.88		3.418825722274016	3570.867	3572.905	2.038000000000011	1	1	14.38					57.69				320.0																					
4	2019	LMEL	13	2512	58	LMEL	207		15/08/2019	11:07:12	15/08/2019	11:35:31		70.7978172	17.88620575	70.79917738333333	17.981841783333333	2	4	07	227.3	220.08					9003.0	0.0			1602		3513	1	79.73		3.9814008240139254	3606.457	3608.336	1.8789999999999054	1	1	17.13					48.56				120.0																					
4	2019	LMEL	13	2513	58	LMEL	208		15/08/2019	13:27:28	15/08/2019	13:41:59		70.80200906666667	18.185210033333334	70.80036325	18.146147766666665	2	4	08	211.76	215.84					216.38	211.76			1623		3271	1	269.83		3.178415614237472	3614.361	3615.13	0.7690000000002328	1	1	4.19					50.25				530.0																					
4	2019	LMEL	13	2514	58	LMEL	209		15/08/2019	17:18:25	15/08/2019	18:00:02		70.90525026666667	19.664489083333333	70.91101363333334	19.777262783333335	2	4	09	181.79	177.79					9003.0	0.0			1602		3513	1	76.97		3.2049659591509183	3648.781	3651.004	2.2229999999999563	1	1	13.81					56.94				380.0																					
4	2019	LMEL	13	2515	58	LMEL	210		15/08/2019	19:19:49	15/08/2019	19:35:01		70.93769146666666	19.83994858333333	70.94888646666666	19.863704316666666	2	4	09	174.61	183.07					183.61	173.74			1623		3271	1	33.32		3.1934210526305593	3653.284	3654.093	0.8089999999997417	1	1	4.41					52.44				480.0																					Dårlig humpete bunn Dårlig humpete bunn
4	2019	LMEL	13	2516	58	LMEL	211		15/08/2019	23:32:36	16/08/2019	00:10:17		71.00885276666666	21.375100833333335	71.01418058333333	21.476844716666665	2	4	22	180.6	176.48					9003.0	0.0			1602		3513	1	80.43		3.174878372401818	3686.931	3688.925	1.9940000000001419	1	1	18.0					47.81				120.0																					
4	2019	LMEL	13	2517	58	LMEL	212		16/08/2019	02:12:09	16/08/2019	02:27:14		71.00985843333333	21.636759166666668	71.00930086666666	21.596732283333335	2	4	22	164.02	160.02					164.98	158.24			1623		3271	1	258.04		3.0669613259675885	3699.301	3700.072	0.7710000000001855	1	1	3.88					37.5				430.0																					
4	2019	LMEL	13	2518	58	LMEL	213		16/08/2019	05:57:31	16/08/2019	06:34:23		71.09694351666667	23.189316383333335	71.1005108	23.29109971666667	2	4	24	333.33	234.65					9003.0	0.0			1602		3513	1	82.06		3.212658227847622	3733.099	3735.073	1.9739999999997053	1	1	17.69					51.44				250.0																					
4	2019	LMEL	13	2519	58	LMEL	214		16/08/2019	08:14:59	16/08/2019	08:30:00		71.1043651	23.349665666666667	71.11241265	23.381684333333332	2	4	24	240.85	249.74					249.82	237.2			1623		3271	1	48.02		3.1045504994452355	3738.429	3739.206	0.7770000000000437	1	1	3.88					48.06				585.0																					
4	2019	LMEL	13	2520	58	LMEL	215		16/08/2019	12:07:40	16/08/2019	12:47:34		71.16625768333333	25.018654983333334	71.17043785	25.129909216666668	2	4	26	160.57	151.67					9003.0	0.0			1602		3513	1	78.53		3.237593984962094	3771.987	3774.14	2.1529999999997926	1	1	5.38					45.0				120.0																					
4	2019	LMEL	13	2521	58	LMEL	216		16/08/2019	16:29:02	16/08/2019	16:44:07		71.19419003333333	25.063099216666668	71.19397428333333	25.024673833333335	2	4	26	163.52	163.92					169.35	163.52			1623		3271	1	259.05		2.9118232044197736	3780.203	3780.935	0.7319999999999709	1	1	4.19					44.94				375.0																					
4	2019	LMEL	13	2522	58	LMEL	217		16/08/2019	20:28:24	16/08/2019	21:11:21		71.21597766666666	26.7791807	71.21925493333333	26.886112666666666	2	3	10	284.81	283.28					9003.0	0.0			1602		3513	1	90.08		2.861001164144674	3817.028	3819.076	2.048000000000229	1	1	13.81					58.94				360.0																					
4	2019	LMEL	13	2523	58	LMEL	218		16/08/2019	22:45:19	16/08/2019	23:00:22		71.22661	26.976934483333334	71.2243414	27.016806083333332	2	3	10	290.29	288.35					290.65	288.33			1623		3271	1	103.5		3.085714285713836	3821.715	3822.489	0.7739999999998872	1	1	8.190000000000001					48.31				680.0																					
4	2019	LMEL	13	2524	58	LMEL	219		17/08/2019	03:19:15	17/08/2019	03:52:53		71.2458774	28.550457533333333	71.24714823333333	28.65303485	2	3	12	404.91	409.15					9003.0	0.0			1602		3513	1	83.54		3.5179385530223537	3857.719	3859.691	1.9719999999997526	1	1	20.13					47.06				218.0																					
4	2019	LMEL	13	2525	58	LMEL	220		17/08/2019	05:33:07	17/08/2019	05:48:08		71.23981035	28.853103333333333	71.2361008	28.8972522	2	3	12	409.93	409.69					410.39	409.55			1623		3571	1	101.88		3.4801331853499895	3863.678	3864.549	0.8710000000000946	1	1	4.25					27.19				920.0																					
4	2019	LMEL	13	2526	58	LMEL	221		17/08/2019	09:01:28	17/08/2019	09:40:39		71.26663436666666	30.3840781	71.26969431666667	30.486684833333335	2	3	14	298.96	292.92					9003.0	0.0			1602		3513	1	89.47		3.0074011059122885	3894.534	3896.498	1.9639999999999418	1	1	13.81					59.5				360.0																					
4	2019	LMEL	13	2527	58	LMEL	222		17/08/2019	11:32:40	17/08/2019	11:47:50		71.25492465	30.519489483333334	71.24207341666667	30.5037916	2	3	14	293.34	295.23					296.71	292.43			1623		3271	1	201.92		3.2558241758236433	3901.156	3901.979	0.8229999999998654	1	1	3.4699999999999998					51.56				694.0																					
4	2019	LMEL	13	2528	58	LMEL	223		17/08/2019	15:23:15	17/08/2019	15:58:45		70.73973035	30.546981883333334	70.70651515	30.551211133333332	2	3	07	319.03	208.05					9003.0	0.0			1602		3513	1	187.23		3.348169014084882	3935.846	3937.827	1.981000000000222	1	1	18.88					47.69				225.0																					
4	2019	LMEL	13	2529	58	LMEL	224		17/08/2019	17:02:07	17/08/2019	17:27:11		70.66411693333333	30.51365656666667	70.64845371666667	30.569398666666668	2	3	07	71.05	94.52					94.94	70.92			1623		3270	1	118.2		3.4515957446808683	3941.811	3943.253	1.4420000000000073	1	1	4.13					59.19				223.0																					
4	2019	LMEL	13	2530	58	LMEL	225		17/08/2019	21:10:48	17/08/2019	21:48:42		70.68691346666667	32.15370311666667	70.68948538333333	32.24590636666667	2	3	09	272.23	276.35					9003.0	0.0			1602		3513	1	91.5		2.873350923482936	3978.681	3980.496	1.8150000000000546	1	1	14.38					58.38				305.0																					
4	2019	LMEL	13	2531	58	LMEL	226		17/08/2019	23:13:50	17/08/2019	23:29:22		70.67765056666667	32.295962366666664	70.66455478333333	32.29284365	2	3	09	280.89	286.09					286.12	280.79			1623		3271	1	170.43		2.993562231760008	3983.728	3984.503	0.775000000000091	1	1	3.38					51.75				666.0																					
4	2019	LMEL	13	2532	58	LMEL	227		18/08/2019	03:42:42	18/08/2019	04:23:38		71.20218086666667	32.3646764	71.23576036666667	32.3354174	2	3	16	237.82	247.29					9003.0	0.0			1602		3513	1	341.97		3.0356677524428686	4018.944	4021.015	2.0709999999999127	1	1	12.63					61.06				122.0																					
4	2019	LMEL	13	2533	58	LMEL	228		18/08/2019	06:31:38	18/08/2019	06:46:40		71.28529346666667	32.36430586666667	71.29859956666667	32.3613179	2	3	16	257.68	259.16					259.68	257.32			1623		3271	1	355.78		3.1529933481151544	4025.606	4026.396	0.7899999999999636	1	1	3.5					51.94				655.0																					
4	2019	LMEL	13	2534	58	LMEL	229		18/08/2019	09:54:50	18/08/2019	10:31:21		71.79394105	32.37114101666667	71.82654255	32.36721756666667	2	3	22	298.9	305.43					9003.0	0.0			1602		3513	1	352.71		3.2073026015521733	4056.14	4058.092	1.9520000000002256	1	1	15.88					51.63				122.0																					
4	2019	LMEL	13	2535	58	LMEL	230		18/08/2019	12:02:17	18/08/2019	12:17:20		71.84556863333333	32.28360396666667	71.84602973333334	32.23983473333333	2	3	22	308.68	306.36					309.86	305.98			1623		3271	1	260.07		3.245182724251897	4060.876	4061.69	0.8139999999998508	1	1	4.095					49.5				732.0																					
4	2019	LMEL	13	2536	58	LMEL	231		18/08/2019	15:42:17	18/08/2019	16:22:00		71.84851016666667	30.6834188	71.84630148333333	30.573922	2	3	20	344.81	345.96					9003.0	0.0			1602		3513	1	256.15		3.0727654217374654	4091.871	4093.905	2.0340000000001055	1	1	12.88					57.94				355.0																					
4	2019	LMEL	13	2537	58	LMEL	232		18/08/2019	18:10:50	18/08/2019	18:25:51		71.874772	30.521288983333335	71.8872295	30.51918523333333	2	3	20	348.51	349.45					350.06	348.41			1623		3271	1	347.98		2.960710321864537	4097.088	4097.829	0.7409999999999854	1	1	4.5					48.44				800.0																					
4	2019	LMEL	13	2538	58	LMEL	233		18/08/2019	22:13:26	18/08/2019	22:50:40		71.83255491666667	28.818778733333332	71.83081348333333	28.715061933333335	2	3	18	287.59	286.97					9003.0	0.0			1602		3513	1	267.62		3.1004476275738235	4133.387	4135.311	1.9239999999999782	1	1	18.0					48.69				120.0																					
4	2019	LMEL	13	2539	58	LMEL	234		19/08/2019	00:33:25	19/08/2019	00:48:28		71.82687291666667	28.715442183333334	71.82705985	28.757256183333332	2	3	18	290.33	289.23					291.67	288.74			1623		3271	1	88.32		3.085714285715649	4138.902	4139.676	0.774000000000342	1	1	3.63					50.63				682.0																					
4	2019	LMEL	13	2540	58	LMEL	235		19/08/2019	04:42:44	19/08/2019	05:24:24		71.79499898333333	26.946713183333333	71.79206375	26.83400705	2	3	23	339.59	341.02					9003.0	0.0			1602		3513	1	250.93		3.071519999999728	4175.139	4177.272	2.132999999999811	1	1	12.0					60.25				382.0																					
4	2019	LMEL	13	2541	58	LMEL	236		19/08/2019	07:19:51	19/08/2019	07:34:52		71.79047561666667	26.71954585	71.78930936666667	26.674916233333335	2	3	23	335.62	332.77					335.7	333.09			1623		3271	1	257.07		3.3163152053271236	4180.227	4181.057	0.8299999999999272	1	1	3.5					51.44				810.0																					
4	2019	LMEL	13	2542	58	LMEL	237		19/08/2019	11:24:34	19/08/2019	12:00:27		71.74679716666667	25.117562866666667	71.74541696666667	25.015901533333334	2	12	06	264.9	267.22					9003.0	0.0			1602		3513	1	268.8		3.166929865303095	4211.631	4213.525	1.8939999999993233	1	1	18.63					48.94				121.0																					
4	2019	LMEL	13	2543	58	LMEL	238		19/08/2019	13:40:22	19/08/2019	13:55:27		71.73889476666666	24.897971133333332	71.7382914	24.858766016666667	2	12	05	270.67	272.49					272.91	270.29			1623		3271	1	262.2		2.895911602210205	4217.257	4217.985	0.7280000000000655	1	1	3.5					53.38				677.0																					
4	2019	LMEL	13	2544	58	LMEL	239		19/08/2019	17:18:58	19/08/2019	18:08:59		71.6850812	23.237436533333334	71.68297891666667	23.09370665	2	12	05	356.95	386.16					9003.0	0.0			1602		3513	1	258.35		3.2245251582796044	4248.752	4251.44	2.6879999999991924	1	1	13.5					58.0				320.0																					
4	2019	LMEL	13	2545	58	LMEL	240		19/08/2019	19:38:24	19/08/2019	19:53:25		71.6808394	22.919143966666667	71.68158055	22.875039616666665	2	12	04	389.67	393.57					393.86	389.56			1623		3271	1	267.82		3.2923418423957957	4255.031	4255.855	0.8239999999996144	1	1	3.5					50.0				910.0																					
4	2019	LMEL	13	2546	58	LMEL	241		19/08/2019	22:57:30	19/08/2019	23:35:31		71.59711793333334	21.430816433333334	71.59144641666667	21.328790166666668	2	12	04	332.66	334.43					9003.0	0.0			1602		3513	1	260.2		3.068128014028154	4284.341	4286.285	1.9439999999995052	1	1	15.88					55.13				121.0																					
4	2019	LMEL	13	2547	58	LMEL	242		20/08/2019	01:01:36	20/08/2019	01:16:46		71.58740353333333	21.280823866666665	71.59021728333333	21.32239475	2	12	04	338.86	333.76					339.87	332.98			1623		3271	1	72.85		3.156923076925783	4289.981	4290.779	0.7980000000006839	1	1	3.25					52.19				853.0																					
4	2019	LMEL	13	2548	58	LMEL	243		20/08/2019	05:06:54	20/08/2019	05:46:27		71.49618218333333	19.611837483333332	71.49244821666667	19.501711533333335	2	4	20	233.69	233.49					9003.0	0.0			1602		3513	1	271.09		3.1721871049309978	4325.313	4327.404	2.0910000000003492	1	1	13.5					61.25				310.0																					
4	2019	LMEL	13	2549	58	LMEL	244		20/08/2019	07:13:09	20/08/2019	07:28:11		71.49733121666667	19.4423162	71.49684285	19.401219333333334	2	4	20	238.33	221.26					238.33	221.1			1623		3271	1	269.7		3.0851441241690662	4331.439	4332.212	0.7730000000001382	1	1	4.095					51.88				600.0																					
4	2019	LMEL	13	2550	58	LMEL	245		20/08/2019	11:04:15	20/08/2019	11:42:09		71.38026011666666	17.846882583333333	71.37324421666666	17.74644565	2	4	18	261.3	261.75					9003.0	0.0			1602		3513	1	257.08		3.094986807387748	4364.454	4366.409	1.9549999999999272	1	1	16.81					51.63				121.0																					
4	2019	LMEL	13	2551	58	LMEL	246		20/08/2019	13:09:38	20/08/2019	13:25:53		71.32897141666666	17.701280183333335	71.31498523333333	17.703486983333335	2	4	18	261.96	263.41					222.88	218.44			1623		3271	1	184.68		3.0683076923081756	4370.509	4371.34	0.831000000000131	3	1	3.38					51.31				653.0																					Trålpose revet - fangst kastet - Mye svamp
4	2019	LMEL	13	2552	58	LMEL	247		20/08/2019	17:27:49	20/08/2019	18:05:31		71.24317758333333	16.030983283333335	71.23338445	15.935075583333333	2	4	17	0.0	0.0					9003.0	0.0			1602		3513	1	261.72		3.060477453580543	4408.582	4410.505	1.9229999999997744	1	1	13.5					57.75				270.0																					
4	2019	LMEL	13	2553	58	LMEL	248		20/08/2019	23:16:58	20/08/2019	23:58:40		71.73798473333333	15.493124983333333	71.77133603333333	15.464616433333333	2	12	01	0.0	0.0					9003.0	0.0			1602		3513	1	353.16		2.9453237410065767	4442.591	4444.638	2.0469999999995707	1	1	14.38					58.5				121.0																					
4	2019	LMEL	13	2554	58	LMEL	249		21/08/2019	05:29:34	21/08/2019	06:07:25		71.92864235	17.080264566666667	71.92592443333334	17.184817233333334	2	12	02	327.8	321.15					9003.0	0.0			1602		3513	1	92.2		3.0721268163806106	4479.563	4481.501	1.9380000000001019	1	1	15.0					57.75				290.0																					
4	2019	LMEL	13	2555	58	LMEL	250		21/08/2019	07:56:43	21/08/2019	08:06:44		71.93892596666667	17.177482416666667	71.9461922	17.163410216666666	2	12	02	316.16	317.94					317.94	314.52			1623		3271	1	336.39		3.006988352747865	4485.865	4486.367	0.5020000000004075	1	1	4.0					50.31				750.0																					10 min tauing. Område med mye sopp 10 min tauing. Område med mye sopp
4	2019	LMEL	13	2556	58	LMEL	251		21/08/2019	12:03:22	21/08/2019	12:42:08		72.04479806666667	18.926066116666668	72.0513068	19.03044725	2	12	08	334.39	332.36					9003.0	0.0			1602		3513	1	77.96		3.018056749784757	4522.073	4524.023	1.949999999999818	1	1	16.19					54.5				121.0																					
4	2019	LMEL	13	2557	58	LMEL	252		21/08/2019	14:08:05	21/08/2019	14:18:12		72.05426991666667	19.161747333333334	72.05585358333333	19.191650016666667	2	12	09	328.63	327.29					329.39	323.96			1623		3271	1	83.48		3.291598023060583	4526.885	4527.44	0.5549999999993815	1	1	3.63					46.06				757.0																					Kort tauetid pga. sopp i område. Kort tauetid pga. sopp i område.
4	2019	LMEL	13	2558	58	LMEL	253		21/08/2019	18:03:03	21/08/2019	18:43:13		72.1623092	20.792872816666666	72.16206648333333	20.907280033333333	2	12	09	338.82	336.0					9003.0	0.0			1602		3513	1	87.69		6812.985062240664	-1.0	4559.915	4560.915	1	1	18.88					52.19				240.0																					
4	2019	LMEL	13	2559	58	LMEL	254		21/08/2019	20:20:01	21/08/2019	20:35:03		72.16303313333333	21.0583266	72.16424033333334	21.099746683333333	2	12	10	336.83	338.61					338.83	335.76			1623		3271	1	83.22		3.0093126385805538	4563.405	4564.159	0.7539999999999054	1	1	3.75					52.0				780.0																					
4	2019	LMEL	13	2560	58	LMEL	255		21/08/2019	23:59:14	22/08/2019	00:37:23		72.24830356666666	22.6769417	72.25290333333334	22.78006986666667	2	12	10	305.09	292.97					9003.0	0.0			1602		3513	1	82.23		2.9677588466574827	4594.272	4596.159	1.8869999999997162	1	1	15.63					55.44				122.0																					
4	2019	LMEL	13	2561	58	LMEL	256		22/08/2019	02:01:02	22/08/2019	02:16:04		72.25019871666667	22.88248875	72.248029	22.924664816666667	2	12	10	290.08	290.26					292.06	288.61			1623		3271	1	94.3		3.0891352549902784	4598.317	4599.091	0.774000000000342	1	1	3.5					51.94				695.0																					
4	2019	LMEL	13	2562	58	LMEL	257		22/08/2019	05:52:18	22/08/2019	06:30:33		72.31606463333334	24.594588883333333	72.32158345	24.704014766666667	2	12	11	266.9	269.53					9003.0	0.0			1602		3513	1	83.93		3.149803921568331	4631.693	4633.701	2.007999999999811	1	1	18.0					51.38				245.0																					
4	2019	LMEL	13	2563	58	LMEL	258		22/08/2019	08:04:17	22/08/2019	08:19:19		72.31929383333333	24.74011925	72.3152854	24.697651733333334	2	12	11	262.59	266.3					269.53	262.59			1623		3271	1	230.73		3.2527716186273103	4636.605	4637.42	0.8150000000005093	1	1	3.63					50.56				655.0																					
4	2019	LMEL	13	2564	58	LMEL	259		22/08/2019	12:10:34	22/08/2019	12:46:39		72.37101183333333	26.48370845	72.37362221666666	26.582882833333333	2	12	12	253.74	257.49					9003.0	0.0			1602		3513	1	89.34		2.973117782910705	4672.013	4673.801	1.7880000000004657	1	1	14.69					56.31				121.0																					
4	2019	LMEL	13	2565	58	LMEL	260		22/08/2019	14:11:51	22/08/2019	14:26:53		72.36429716666666	26.703783966666666	72.36113416666667	26.747431916666667	2	12	12	260.54	260.01					266.03	259.66			1623		3271	1	106.29		3.2288248337036665	4676.342	4677.151	0.8090000000001965	1	1	3.0					49.63				625.0																					
4	2019	LMEL	13	2566	58	LMEL	261		22/08/2019	18:19:38	22/08/2019	18:57:12		72.41184521666666	28.430445566666666	72.40736101666667	28.53416115	2	12	20	286.73	285.04					9003.0	0.0			1602		3513	1	119.03		3.0984915705406206	4708.907	4710.847	1.9399999999995998	1	1	19.19					45.75				240.0																					
4	2019	LMEL	13	2567	58	LMEL	262		22/08/2019	20:38:31	22/08/2019	20:53:34		72.39966936666667	28.590237416666668	72.40124461666667	28.634796666666666	2	12	20	281.4	283.2					284.35	277.82			1623		3271	1	79.27		3.2132890365431974	4714.421	4715.227	0.8059999999995853	1	1	3.13					54.19				700.0																					
4	2019	LMEL	13	2568	58	LMEL	263		23/08/2019	00:13:19	23/08/2019	00:50:55		72.42747556666667	30.328888733333333	72.42804605	30.433516966666666	2	13	02	281.13	283.92					9003.0	0.0			1602		3513	1	90.82		2.9904255319145685	4746.222	4748.096	1.8739999999997963	1	1	15.0					48.75				121.0																					
4	2019	LMEL	13	2569	58	LMEL	264		23/08/2019	02:25:40	23/08/2019	02:40:42		72.41874173333333	30.546113783333332	72.41160638333334	30.585231716666666	2	13	02	284.67	285.51					287.05	284.02			1623		3271	1	118.21		3.272727272726111	4750.71	4751.53	0.819999999999709	1	1	3.31					51.19				683.0																					
4	2019	LMEL	13	2570	58	LMEL	265		23/08/2019	06:43:43	23/08/2019	07:48:10		72.4302986	32.27588488333333	72.41248348333333	32.453093	2	13	03	282.59	283.01					9005.0	0.0			1602		3513	1	110.72		3.123351435220695	4784.817	4788.172	3.3549999999995634	1	1	19.5					47.44				122.0																					
4	2019	LMEL	13	2571	58	LMEL	266		23/08/2019	09:22:32	23/08/2019	09:37:34		72.42551036666667	32.52934165	72.42320531666667	32.57438455	2	13	03	275.92	276.74					278.22	275.64			1623		3271	1	90.37		3.2767184035473234	4792.86	4793.681	0.8209999999999127	1	1	3.31					52.25				670.0																					
4	2019	LMEL	13	2572	58	LMEL	267		23/08/2019	12:49:10	23/08/2019	13:25:53		72.40383845	34.17066848333333	72.40250458333334	34.27312525	2	13	04	277.34	286.33					9003.0	0.0			1602		3513	1	93.52		3.013345438039121	4822.72	4824.564	1.844000000000051	1	1	15.63					49.38				121.0																					
4	2019	LMEL	13	2573	58	LMEL	268		23/08/2019	15:25:52	23/08/2019	15:41:03		72.44101673333333	34.30460646666667	72.45332605	34.28880241666667	2	13	04	283.01	279.86					284.39	279.3			1623		3271	1	342.22		3.0981339187727954	4828.052	4828.836	0.7840000000005602	1	1	3.25					51.56				697.0																					
4	2019	LMEL	13	2574	58	LMEL	269		23/08/2019	18:58:47	23/08/2019	19:37:05		72.93340698333333	34.43701316666667	72.96565493333334	34.435995383333335	2	13	04	212.08	211.54					9003.0	0.0			1602		3513	1	353.22		2.9921671018274485	4858.701	4860.611	1.9099999999998545	1	1	16.19					48.19				300.0																					
4	2019	LMEL	13	2575	58	LMEL	270		23/08/2019	21:32:10	23/08/2019	21:47:11		72.96231863333334	34.1710186	72.95143831666667	34.14842146666667	2	13	04	203.64	206.01					206.99	199.64			1623		3271	1	211.91		3.016648168701879	4866.786	4867.541	0.7550000000001091	1	1	3.5					49.66				510.0																					
4	2019	LMEL	13	2576	58	LMEL	271		24/08/2019	01:10:31	24/08/2019	01:46:22		73.00358183333333	32.613363066666665	73.00476596666667	32.50630793333333	2	13	09	246.07	246.12					9003.0	0.0			1602		3513	1	273.84		3.116317991631933	4898.799	4900.661	1.86200000000008	1	1	18.0					41.5				121.0																					
4	2019	LMEL	13	2577	58	LMEL	272		24/08/2019	03:22:54	24/08/2019	03:37:55		73.00605921666667	32.5322127	73.00892221666666	32.5744243	2	13	09	244.99	242.54					245.14	241.81			1623		3271	1	81.13		3.0086570477271923	4902.767	4903.52	0.7530000000006112	1	1	3.44					49.69				600.0																					
4	2019	LMEL	13	2578	58	LMEL	273		24/08/2019	07:19:05	24/08/2019	07:56:37		73.00718003333333	30.611046916666666	73.00577536666667	30.5020513	2	13	08	273.89	263.38					9003.0	0.0			1602		3513	1	272.85		3.030905861457507	4938.99	4940.886	1.8960000000006403	1	1	15.0					51.38				330.0																					
4	2019	LMEL	13	2579	58	LMEL	274		24/08/2019	09:45:35	24/08/2019	10:00:43		72.99937031666667	30.39792655	72.9992267	30.351673166666668	2	13	02	253.81	246.7					253.97	244.44			1623		3271	1	275.61		3.1797356828217196	4944.959	4945.761	0.8020000000005894	1	1	3.25					50.63				625.0																					
4	2019	LMEL	13	2580	58	LMEL	275		24/08/2019	13:34:04	24/08/2019	14:27:15		72.99366251666666	28.633366416666668	72.99084163333333	28.471458166666668	2	12	20	348.0	357.71					9004.0	0.0			1602		3513	1	274.59		3.176935130053053	4978.756	4981.572	2.8159999999998035	1	1	15.88					55.22				365.0																					
4	2019	LMEL	13	2581	58	LMEL	276		24/08/2019	16:11:31	24/08/2019	16:26:32		72.9877119	28.419129766666668	72.98832691666667	28.373270966666666	2	12	20	341.92	333.22					342.09	333.21			1623		3271	1	277.68		3.1764705882355844	4984.432	4985.227	0.7950000000000728	1	1	3.13					50.31				801.0																					
4	2019	LMEL	13	2582	58	LMEL	277		24/08/2019	20:47:14	24/08/2019	21:25:38		73.53110936666667	28.386432833333334	73.5646388	28.3966773	2	20	20	378.53	382.52					9003.0	0.0			1602		3513	1	355.84		3.1234375000011028	5020.744	5022.743	1.9990000000007058	1	1	16.035					51.41				297.0																					
4	2019	LMEL	13	2583	58	LMEL	278		24/08/2019	23:00:32	24/08/2019	23:15:46		73.55045485	28.39158995	73.5371129	28.388083133333332	2	20	20	380.27	379.24					382.11	378.66			1623		3271	1	195.57		3.1312910284466757	5025.004	5025.799	0.7950000000000728	1	1	3.44					50.63				869.0																					
4	2019	LMEL	13	2584	58	LMEL	279		25/08/2019	02:55:57	25/08/2019	03:32:58		73.58453518333333	30.23838161666667	73.58469705	30.35348225	2	13	08	377.95	384.8					9003.0	0.0			1602		3513	1	88.59		3.1348041422785715	5060.402	5062.336	1.9340000000001965	1	1	15.0					56.13				300.0																					
4	2019	LMEL	13	2585	58	LMEL	280		25/08/2019	05:09:20	25/08/2019	05:24:23		73.58939465	30.539551233333334	73.5901027	30.586470516666665	2	13	08	386.19	382.57					386.61	382.53			1623		3271	1	87.83		3.1415282392008885	5065.542	5066.33	0.7879999999995562	1	1	3.31					50.94				885.0																					
4	2019	LMEL	13	2586	58	LMEL	281		25/08/2019	08:28:18	25/08/2019	09:03:21		73.58378675	32.34294825	73.58219705	32.45185411666667	2	13	09	295.66	296.28					9003.0	0.0			1602		3513	1	90.6		3.1360912981460793	5096.174	5098.006	1.8320000000003347	1	1	17.69					50.0				260.0																					
4	2019	LMEL	13	2587	58	LMEL	282		25/08/2019	10:47:15	25/08/2019	11:02:27		73.58331646666667	32.502909116666665	73.582767	32.54997905	2	13	09	296.25	295.32					296.48	294.39			1623		3271	1	86.81		3.1223684210532925	5101.598	5102.389	0.7910000000001673	1	1	3.31					52.25				713.0																					
4	2019	LMEL	13	2588	58	LMEL	283		25/08/2019	14:29:21	25/08/2019	15:06:45		73.56273148333334	34.37409911666666	73.56043165	34.49251365	2	13	10	238.42	267.21					9003.0	0.0			1602		3513	1	92.1		3.2053475935836935	5133.86	5135.858	1.998000000000502	1	1	14.69					52.5				320.0																					
4	2019	LMEL	13	2589	58	LMEL	284		25/08/2019	16:51:01	25/08/2019	17:06:03		73.55749366666667	34.67754535	73.55622523333334	34.726662033333334	2	13	10	255.21	256.75					257.57	254.95			1623		3271	1	94.03		3.3126385809309737	5139.001	5139.831	0.8299999999999272			3.38					51.25				633.0																					
4	2019	LMEL	13	2590	58	LMEL	285		25/08/2019	20:34:46	25/08/2019	21:11:23		73.51684761666667	36.41639715	73.51498901666666	36.52786888333333	2	13	11	254.54	260.72					9003.0	0.0			1602		3513	1	99.93		3.0969503868902617	5168.653	5170.543	1.889999999999418			16.5					46.63				300.0																					
4	2019	LMEL	13	2591	58	LMEL	286		25/08/2019	23:07:50	25/08/2019	23:23:11		73.51014021666667	36.580638083333334	73.51095915	36.5343185	2	13	11	269.64	261.34					269.64	261.36			1623		3271	1	273.24		3.0566775244305644	5174.197	5174.979	0.7820000000001528			3.69					48.06				650.0																					
